Run 1694788512
pi0_decay 0.1 0.01 278.864 0.001 0.1 NCE_nucleon 2e+20 1 2000 3.2879e+13 3.2879e+13
Total 0.1 0.01 278.864 0.001 0.1 NCE_nucleon 2e+20 1 2000 
Run 1694789462
pi0_decay 0.1 0.01 4150.27 0.001 0.1 NCE_nucleon 2e+20 1 2000 3.2879e+13 3.2879e+13
Total 0.1 0.01 4150.27 0.001 0.1 NCE_nucleon 2e+20 1 2000 
Run 1694790213
pi0_decay 0.1 0.005 290.362 0.001 0.1 NCE_nucleon 2e+20 1 1000 3.29009e+13 3.29009e+13
Total 0.1 0.005 290.362 0.001 0.1 NCE_nucleon 2e+20 1 1000 
Run 1694790335
pi0_decay 0.1 0.005 276.492 0.001 0.1 NCE_nucleon 2e+20 1 3000 3.29009e+13 3.29009e+13
Total 0.1 0.005 276.492 0.001 0.1 NCE_nucleon 2e+20 1 3000 
Run 1694790398
pi0_decay 0.1 0.005 272.422 0.001 0.1 NCE_nucleon 2e+20 1 1000 3.29009e+13 3.29009e+13
Total 0.1 0.005 272.422 0.001 0.1 NCE_nucleon 2e+20 1 1000 
Run 1694790424
pi0_decay 0.1 0.005 273.734 0.001 0.1 NCE_nucleon 2e+20 1 1000 3.29009e+13 3.29009e+13
Total 0.1 0.005 273.734 0.001 0.1 NCE_nucleon 2e+20 1 1000 
Run 1694791123
pi0_decay 0.1 0.01 4137.48 0.001 0.1 NCE_nucleon 2e+20 1 2000 3.2879e+13 3.2879e+13
Total 0.1 0.01 4137.48 0.001 0.1 NCE_nucleon 2e+20 1 2000 
Run 1694794167
pi0_decay 0.1 0.05 0.103968 0.001 0.1 NCE_nucleon 2e+20 1 2000 2.36507e+11 2.36507e+11
Total 0.1 0.05 0.103968 0.001 0.1 NCE_nucleon 2e+20 1 2000 
Run 1695045248
pi0_decay 0.1 0.01 42.8263 0.001 0.1 NCE_nucleon 2e+20 1 2000 1.11423e+14 1.11423e+14
Total 0.1 0.01 42.8263 0.001 0.1 NCE_nucleon 2e+20 1 2000 
Run 1695049582
pi0_decay 0.05 0.03 1.10301 0.001 0.1 NCE_nucleon 2e+20 1 2000 5.97526e+11 5.97526e+11
Total 0.05 0.03 1.10301 0.001 0.1 NCE_nucleon 2e+20 1 2000 
Run 1695079469
pi0_decay 0.05 0.03 1.00775 0.001 0.1 NCE_nucleon 2e+20 1 100 5.97526e+11 5.97526e+11
Total 0.05 0.03 1.00775 0.001 0.1 NCE_nucleon 2e+20 1 100 
Run 1695081841
pi0_decay 0.05 0.03 14.939 0.001 0.1 NCE_nucleon 2e+20 1 100 5.97526e+11 5.97526e+11
Total 0.05 0.03 14.939 0.001 0.1 NCE_nucleon 2e+20 1 100 
Run 1695082760
pi0_decay 0.05 0.03 15.8848 0.001 0.1 NCE_nucleon 2e+20 1 2000 5.97526e+11 5.97526e+11
Total 0.05 0.03 15.8848 0.001 0.1 NCE_nucleon 2e+20 1 2000 
Run 1695135865
pi0_decay 0.05 0.03 16.5857 0.001 0.1 NCE_nucleon 2e+20 1 2000 5.97643e+11 5.97643e+11
Total 0.05 0.03 16.5857 0.001 0.1 NCE_nucleon 2e+20 1 2000 
Run 1695163247
pi0_decay 0.05 0.03 1.01434 0.001 0.1 NCE_electron 2e+20 1 2000 5.97643e+11 5.97643e+11
Total 0.05 0.03 1.01434 0.001 0.1 NCE_electron 2e+20 1 2000 
Run 1695201967
pi0_decay 0.05 0.03 1.01448 0.001 0.1 NCE_electron 2e+20 1 2000 5.97643e+11 5.97643e+11
Total 0.05 0.03 1.01448 0.001 0.1 NCE_electron 2e+20 1 2000 
Run 1695230442
pi0_decay 0.05 0.03 8.57347 0.001 0.1 NCE_electron 2e+20 1 2000 5.97643e+11 5.97643e+11
Total 0.05 0.03 8.57347 0.001 0.1 NCE_electron 2e+20 1 2000 
Run 1695245976
pi0_decay 0.05 0.03 11.9865 0.001 0.1 NCE_electron 2e+20 1 200 5.97643e+11 5.97643e+11
Total 0.05 0.03 11.9865 0.001 0.1 NCE_electron 2e+20 1 200 
Run 1695246840
pi0_decay 0.05 0.03 1056.43 0.001 0.1 NCE_electron 2e+20 1 200 5.97643e+11 5.97643e+11
Total 0.05 0.03 1056.43 0.001 0.1 NCE_electron 2e+20 1 200 
Run 1695248309
pi0_decay 0.05 0.03 10.0679 0.001 0.1 NCE_electron 2e+20 1 200 5.97643e+11 5.97643e+11
Total 0.05 0.03 10.0679 0.001 0.1 NCE_electron 2e+20 1 200 
Run 1695250449
pi0_decay 0.05 0.03 0.991654 0.001 0.1 NCE_electron 2e+20 1 200 5.97643e+11 5.97643e+11
Total 0.05 0.03 0.991654 0.001 0.1 NCE_electron 2e+20 1 200 
Run 1695252220
pi0_decay 0.05 0.03 8.11784 0.001 0.1 NCE_electron 2e+20 1 200 5.97643e+11 5.97643e+11
Total 0.05 0.03 8.11784 0.001 0.1 NCE_electron 2e+20 1 200 
Run 1695253922
pi0_decay 0.05 0.03 8.37492 0.001 0.1 NCE_electron 2e+20 1 1000 5.97643e+11 5.97643e+11
Total 0.05 0.03 8.37492 0.001 0.1 NCE_electron 2e+20 1 1000 
Run 1695292449
pi0_decay 0.05 0.03 1495.63 0.001 0.1 NCE_nucleon 2e+20 1 200 5.97643e+11 5.97643e+11
Total 0.05 0.03 1495.63 0.001 0.1 NCE_nucleon 2e+20 1 200 
Run 1695294589
pi0_decay 0.05 0.03 162.74 0.001 0.1 NCE_nucleon 2e+20 1 200 5.97643e+11 5.97643e+11
Total 0.05 0.03 162.74 0.001 0.1 NCE_nucleon 2e+20 1 200 
Run 1695299843
pi0_decay 0.02 0.012 1789.15 0.001 0.1 NCE_electron 2e+20 1 200 4.42901e+12 4.42901e+12
Total 0.02 0.012 1789.15 0.001 0.1 NCE_electron 2e+20 1 200 
Run 1695302426
pi0_decay 0.02 0.012 1748.75 0.001 0.1 NCE_electron 2e+20 1 1000 4.42901e+12 4.42901e+12
Total 0.02 0.012 1748.75 0.001 0.1 NCE_electron 2e+20 1 1000 
Run 1695307191
pi0_decay 0.05 0.03 9.26422 0.001 0.1 NCE_electron 2e+20 1 1000 5.97643e+11 5.97643e+11
Total 0.05 0.03 9.26422 0.001 0.1 NCE_electron 2e+20 1 1000 
Run 1696272065
pi0_decay 0.05 0.03 10.6611 0.001 0.1 NCE_electron 2e+20 1 1000 5.97643e+11 5.97643e+11
Total 0.05 0.03 10.6611 0.001 0.1 NCE_electron 2e+20 1 1000 
Run 1696275712
pi0_decay 0.1 0.06 0.000182233 0.001 0.1 NCE_electron 2e+20 1 1000 1.79438e+08 1.79438e+08
Total 0.1 0.06 0.000182233 0.001 0.1 NCE_electron 2e+20 1 1000 
Run 1696281871
pi0_decay 0.02 0.012 1976.13 0.001 0.1 NCE_electron 2e+20 1 1000 4.42901e+12 4.42901e+12
Total 0.02 0.012 1976.13 0.001 0.1 NCE_electron 2e+20 1 1000 
Run 1696277007
pi0_decay 0.05 0.03 8.79698 0.001 0.1 NCE_electron 2e+20 1 4000 5.97643e+11 5.97643e+11
Total 0.05 0.03 8.79698 0.001 0.1 NCE_electron 2e+20 1 4000 
