0 4 pi0_decay 14193 1.69289e+19 0.014371
2 41 0 0 2 2 1.14514 0.116884 2.19691 2.48039 0.03 -31442.3 -3308.16 -60230 8.6371
2 80 1 1 3 4 0.832781 0.13877 1.73683 1.9318 0.05 233.889 -74.9812 539.881 5418.84
1 -11 2 2 0 0 0.403623 0.0850992 0.888411 0.979504 0.000511 233.889 -74.9812 539.881 5418.84
1 11 2 2 0 0 0.429157 0.0536712 0.848418 0.952297 0.000511 233.889 -74.9812 539.881 5418.84
1 4 pi0_decay 142116 1.69289e+19 0.00190606
2 41 0 0 2 2 1.84073 0.190264 3.56555 4.01727 0.03 -31345 -3307.56 -59993.7 17.187
2 80 1 1 3 4 1.26764 0.128671 2.51481 2.81962 0.05 113.497 -55.9051 942.278 10713.5
1 -11 2 2 0 0 0.818912 0.0598218 1.63257 1.82742 0.000511 113.497 -55.9051 942.278 10713.5
1 11 2 2 0 0 0.448723 0.0688488 0.882243 0.992193 0.000511 113.497 -55.9051 942.278 10713.5
2 4 pi0_decay 235826 1.69289e+19 0.00825022
2 41 0 0 2 2 0.730441 0.0774472 1.4078 1.58819 0.03 -31345.8 -3321.3 -60009.1 16.689
2 80 1 1 3 4 0.160462 -0.00916686 0.350838 0.389126 0.05 120.821 15.0399 637.314 11371.1
1 -11 2 2 0 0 0.0890587 0.0049246 0.139225 0.165347 0.000511 120.821 15.0399 637.314 11371.1
1 11 2 2 0 0 0.0714033 -0.0140915 0.211613 0.223779 0.000511 120.821 15.0399 637.314 11371.1
3 4 pi0_decay 236637 1.69289e+19 0.00914733
2 41 0 0 2 2 0.341694 0.182915 0.419565 0.571968 0.03 -11649.1 -6296.86 -13666.9 1699.3
2 80 1 1 3 4 0.0943981 0.0935991 0.11929 0.185477 0.05 72.6858 -21.9681 726.317 12306.7
1 -11 2 2 0 0 0.055411 0.0822989 0.098745 0.13998 0.000511 72.6858 -21.9681 726.317 12306.7
1 11 2 2 0 0 0.0389871 0.0113001 0.020545 0.0454977 0.000511 72.6858 -21.9681 726.317 12306.7
4 4 pi0_decay 371569 1.69289e+19 0.00858406
2 41 0 0 2 2 0.322166 0.0527931 0.588941 0.67404 0.03 -25278.5 -4134.18 -45665.1 536.95
2 80 1 1 3 4 0.148391 -0.0124991 0.157706 0.222592 0.05 166.143 35.3954 849.221 13072.6
1 -11 2 2 0 0 0.140521 -0.00649807 0.159337 0.212549 0.000511 166.143 35.3954 849.221 13072.6
1 11 2 2 0 0 0.00786986 -0.00600104 -0.0016312 0.0100434 0.000511 166.143 35.3954 849.221 13072.6
5 4 pi0_decay 522321 1.69289e+19 0.0101139
2 41 0 0 2 2 0.216085 0.0230763 0.412068 0.466824 0.03 -31371.4 -3304.16 -60023.5 16.073
2 80 1 1 3 4 0.0927822 0.068004 0.193806 0.230855 0.05 134.089 60.4049 56.5351 5291.33
1 -11 2 2 0 0 0.0838901 0.0757625 0.181296 0.213649 0.000511 134.089 60.4049 56.5351 5291.33
1 11 2 2 0 0 0.00889217 -0.0077585 0.0125103 0.0172057 0.000511 134.089 60.4049 56.5351 5291.33
6 4 pi0_decay 682811 1.69289e+19 0.00187641
2 41 0 0 2 2 0.888809 0.0995802 1.68825 1.91076 0.03 -30594.3 -3434.02 -58189.6 82.464
2 80 1 1 3 4 0.324017 0.0912657 0.771322 0.843062 0.05 49.0591 -0.794091 16.1336 7138.07
1 -11 2 2 0 0 0.302284 0.070922 0.707894 0.772994 0.000511 49.0591 -0.794091 16.1336 7138.07
1 11 2 2 0 0 0.0217323 0.0203437 0.0634285 0.0700685 0.000511 49.0591 -0.794091 16.1336 7138.07
7 4 pi0_decay 758066 1.69289e+19 0.00270711
2 41 0 0 2 2 0.363753 0.0983704 0.590066 0.700764 0.03 -18871.3 -5223.15 -30247.1 1095
2 80 1 1 3 4 0.319279 0.0653828 0.454029 0.561121 0.05 21.8905 -113.822 400.716 12246.8
1 -11 2 2 0 0 0.0134192 -0.00568678 0.0312616 0.0344959 0.000511 21.8905 -113.822 400.716 12246.8
1 11 2 2 0 0 0.30586 0.0710696 0.422768 0.526625 0.000511 21.8905 -113.822 400.716 12246.8
8 4 pi0_decay 977820 1.69289e+19 0.00123558
2 41 0 0 2 2 0.842788 0.123409 1.52739 1.74909 0.03 -26536.9 -3966.09 -48501.6 433.26
2 80 1 1 3 4 0.539723 0.0649663 0.969067 1.11226 0.05 246.694 -44.1779 38.2566 10048.6
1 -11 2 2 0 0 0.110825 0.0261432 0.171742 0.206062 0.000511 246.694 -44.1779 38.2566 10048.6
1 11 2 2 0 0 0.428897 0.0388231 0.797325 0.906194 0.000511 246.694 -44.1779 38.2566 10048.6
9 4 pi0_decay 1095704 1.69289e+19 0.00453997
2 41 0 0 2 2 0.211228 0.0223488 0.405289 0.458558 0.03 -31426 -3310.39 -60191.3 10.038
2 80 1 1 3 4 0.00841322 0.0174314 0.0455835 0.0703739 0.05 204.463 36.2571 499.033 7307.89
1 -11 2 2 0 0 0.000802068 -0.0079135 -0.0075717 0.0109936 0.000511 204.463 36.2571 499.033 7307.89
1 11 2 2 0 0 0.00761115 0.0253449 0.0531552 0.0593804 0.000511 204.463 36.2571 499.033 7307.89
10 4 pi0_decay 1169436 1.69289e+19 0.0159741
2 41 0 0 2 2 0.569541 0.107305 1.02364 1.1767 0.03 -23294.5 -4507.97 -41229.2 699.49
2 80 1 1 3 4 0.439935 0.113003 0.778751 0.90292 0.05 104.738 -99.434 826.187 12589.6
1 -11 2 2 0 0 0.172169 0.0293062 0.260858 0.313924 0.000511 104.738 -99.434 826.187 12589.6
1 11 2 2 0 0 0.267766 0.0836968 0.517893 0.588997 0.000511 104.738 -99.434 826.187 12589.6
11 4 pi0_decay 1581245 1.69289e+19 0.00126675
2 41 0 0 2 2 1.72825 0.182345 3.31976 3.74724 0.03 -31406.8 -3313.37 -60145.8 11.69
2 80 1 1 3 4 0.95326 0.0551608 1.91923 2.14422 0.05 241.876 25.8243 647.498 6301.36
1 -11 2 2 0 0 0.618688 0.0118783 1.24268 1.38823 0.000511 241.876 25.8243 647.498 6301.36
1 11 2 2 0 0 0.334572 0.0432824 0.676545 0.755993 0.000511 241.876 25.8243 647.498 6301.36
12 4 pi0_decay 1600325 1.69289e+19 0.00149269
2 41 0 0 2 2 0.583362 0.0726794 1.10123 1.24868 0.03 -29191.3 -3615.39 -55159.4 194.2
2 80 1 1 3 4 0.349975 -0.0546534 0.778477 0.856736 0.05 167.607 42.3532 262.361 6343.41
1 -11 2 2 0 0 0.282393 -0.0576414 0.662348 0.722339 0.000511 167.607 42.3532 262.361 6343.41
1 11 2 2 0 0 0.0675827 0.00298804 0.116129 0.134397 0.000511 167.607 42.3532 262.361 6343.41
13 4 pi0_decay 1609621 1.69289e+19 0.00340095
2 41 0 0 2 2 0.142466 0.0147435 0.275526 0.311975 0.03 -31341.6 -3268.27 -59930.4 19.325
2 80 1 1 3 4 0.132364 0.00124315 0.186692 0.234256 0.05 83.6453 -16.1241 845.605 11045.7
1 -11 2 2 0 0 0.0715355 0.0245163 0.088252 0.11622 0.000511 83.6453 -16.1241 845.605 11045.7
1 11 2 2 0 0 0.0608289 -0.0232732 0.0984397 0.118036 0.000511 83.6453 -16.1241 845.605 11045.7
14 4 pi0_decay 1661195 1.69289e+19 0.000438709
2 41 0 0 2 2 0.281285 0.038152 0.529843 0.60184 0.03 -28347.9 -3746.16 -53164.2 266.39
2 80 1 1 3 4 0.214715 0.011091 0.417717 0.472455 0.05 45.2995 104.944 318.706 11716.9
1 -11 2 2 0 0 0.0037605 -0.006831 0.0264473 0.0275776 0.000511 45.2995 104.944 318.706 11716.9
1 11 2 2 0 0 0.210954 0.017922 0.39127 0.444877 0.000511 45.2995 104.944 318.706 11716.9
15 4 pi0_decay 38630 1.69289e+19 0.0117989
2 41 0 0 2 2 1.24352 0.13253 2.41707 2.72159 0.03 -31300.9 -3317.78 -59926.4 19.814
2 80 1 1 3 4 0.658166 0.10375 1.24271 1.41094 0.05 44.7497 22.9345 1001.27 13565.2
1 -11 2 2 0 0 0.119825 -0.000280396 0.228807 0.258285 0.000511 44.7497 22.9345 1001.27 13565.2
1 11 2 2 0 0 0.538341 0.10403 1.0139 1.15266 0.000511 44.7497 22.9345 1001.27 13565.2
16 4 pi0_decay 280638 1.69289e+19 0.00236684
2 41 0 0 2 2 0.208049 0.0226903 0.398511 0.451121 0.03 -30783.2 -3417.82 -58856.9 59.576
2 80 1 1 3 4 0.171308 0.0122633 0.288572 0.339515 0.05 134.95 -45.8214 365.682 10977.6
1 -11 2 2 0 0 0.142219 0.00171813 0.197906 0.243714 0.000511 134.95 -45.8214 365.682 10977.6
1 11 2 2 0 0 0.0290884 0.0105452 0.0906662 0.0958017 0.000511 134.95 -45.8214 365.682 10977.6
